11 
2
3 
5 
7 
1 
7
7 
8 
9 
6 
4 
7 
5 
3 
10 
12
14
15 
16 
12 
20 
17 
15 
12 
11 
2
3 
5 
7 
1 
4
7 
8 
9 
6 
4 
7 
5 
3 
10 
12
14
15 
16 
12 
20 
17 
15 
12 
11 
2
3 
5 
7
1 
4
7 
8 
9 
6 
4 
7 
5 
3 
10 
12
14
15 
16 
12 
20 
17 
15 
12 
11 
2
3 
5 
8 
1 
7
7 
8 
9 
6 
4 
7 
5 
3 
10 
12
14
15 
16 
12 
3 
17 
15 
12 
11 
2
3 
19
14 
1 
7
7 
8 
9 
6 
4 
7 
5 
3 
10 
12
24
15 
16 
12 
2 
17 
15 
12 
2
3 
23
18 
1 
14
7 
8 
9 
6 
4 
7 
5 
3 
10 
12
14
15 
16 
12 
11 
17 
15 
12 
11 
2
3 
21
13
1 
26
7 
8 
9 
6 
4 
7 
5 
3 
10 
12
14
15 
16 
12 
23 
17 
15 
12 
15 
16 
12 
23 
17 
15 
12
25
22